Maryland 2005-fieldExp
JDay Date         SolRad    Tmax    Tmin   rain   Rhum   CO2
1    "01/01/2005"  6.316  11.667  -2.833   0.00  66.30 380.0
2    "01/02/2005"  3.724  12.222   3.056   0.14  88.10 380.0
3    "01/03/2005"  3.084  15.833   5.111   0.00  91.05 380.0
4    "01/04/2005"  4.208  21.944   6.222   0.00  89.95 380.0
5    "01/05/2005"  1.140   8.500   4.722   0.29  84.60 380.0
6    "01/06/2005"  5.633   5.056  -5.278   0.00  54.25 380.0
7    "01/07/2005"  9.063  -1.444  -7.611   0.00  51.65 380.0
8    "01/08/2005"  4.501   0.944  -8.111   0.00  59.30 380.0
9    "01/09/2005"  4.432   0.556  -9.556   0.00  66.80 380.0
10   "01/10/2005"  9.167  -7.167 -14.444   0.00  57.85 380.0
11   "01/11/2005"  8.821  -0.333 -12.667   0.00  64.05 380.0
12   "01/12/2005"  2.817   9.444  -3.722   0.00  73.95 380.0
13   "01/13/2005"  6.299  11.056  -2.444   0.00  73.30 380.0
14   "01/14/2005"  6.480  -0.278  -4.611   0.00  67.70 380.0
15   "01/15/2005"  8.320   0.222  -8.333   0.00  67.35 380.0
16   "01/16/2005" 10.074  -2.722 -10.500   0.00  41.15 380.0
17   "01/17/2005"  4.320   1.167  -7.000   0.00  69.85 380.0
18   "01/18/2005"  1.201   2.722  -3.000   0.37  82.25 380.0
19   "01/19/2005"  9.893  -1.722  -5.833   0.00  57.60 380.0
20   "01/20/2005"  9.720  -1.778  -6.389   0.00  53.80 380.0
21   "01/21/2005"  9.513  -1.556  -8.056   0.00  64.25 380.0
22   "01/22/2005"  3.948   6.722  -8.167   0.00  64.55 380.0
23   "01/23/2005" 10.489  -4.389  -9.556   0.00  63.85 380.0
24   "01/24/2005"  4.692  -2.889  -7.944   0.00  74.05 380.0
25   "01/25/2005"  4.294  -6.556 -11.333   0.00  69.70 380.0
26   "01/26/2005"  2.419  -6.167  -9.556   0.00 100.00 380.0
27   "01/27/2005"  2.264  -1.278  -6.556   0.00 100.00 380.0
28   "01/28/2005"  8.070  -1.833  -8.611   0.01  78.35 380.0
29   "01/29/2005"  8.061   3.056 -12.111   0.14  74.35 380.0
30   "01/30/2005"  9.107  -2.278  -8.611   0.00  62.05 380.0
31   "01/31/2005" 11.707  -4.444 -11.167   0.00  62.80 380.0
32   "02/01/2005" 11.897   0.778  -9.889   0.00  69.85 380.0
33   "02/02/2005" 10.212   4.278 -11.944   0.00  72.85 380.0
34   "02/03/2005"  2.765   5.278  -5.667   0.46  89.70 380.0
35   "02/04/2005" 11.966   5.000  -5.000   0.00  71.75 380.0
36   "02/05/2005"  4.821   2.333  -6.722   0.00  74.75 380.0
37   "02/06/2005"  0.717   1.667  -1.389   1.37  99.15 380.0
38   "02/07/2005"  9.547   6.278  -0.556   0.00  77.90 380.0
39   "02/08/2005" 12.891   1.556  -5.778   0.00  63.55 380.0
40   "02/09/2005"  7.258   8.500  -6.611   0.00  68.20 380.0
41   "02/10/2005"  9.910  11.500  -1.667   0.00  73.25 380.0
42   "02/11/2005" 12.459   6.111  -1.611   0.00  65.30 380.0
43   "02/12/2005"  6.117   6.000  -1.556   0.00  70.75 380.0
44   "02/13/2005" 13.513   8.444  -3.611   0.00  71.80 380.0
45   "02/14/2005"  7.137   9.167  -2.778   0.00  62.80 380.0
46   "02/15/2005" 11.897   4.056  -4.556   0.00  61.20 380.0
47   "02/16/2005" 14.316   1.556  -8.722   0.00  51.90 380.0
48   "02/17/2005"  6.696   2.889  -6.667   0.00  68.90 380.0
49   "02/18/2005" 13.884   6.833  -4.333   0.00  53.60 380.0
50   "02/19/2005" 13.461  14.056  -1.333   0.00  66.00 380.0
51   "02/20/2005" 11.673  14.389  -0.611   0.00  71.90 380.0
52   "02/21/2005" 10.238  12.389   2.056   0.00  69.70 380.0
53   "02/22/2005" 12.450   7.722   1.111   0.00  58.85 380.0
54   "02/23/2005" 13.271  10.389  -4.167   0.00  63.80 380.0
55   "02/24/2005"  3.456   6.556   0.000   0.09  80.15 380.0
56   "02/25/2005" 15.587   6.389  -3.222   0.00  59.20 380.0
57   "02/26/2005"  8.199   5.500  -4.667   0.00  67.90 380.0
58   "02/27/2005" 14.999   9.833   0.667   0.00  41.00 380.0
59   "02/28/2005" 16.070  15.056  -3.111   0.00  55.30 380.0
60   "03/01/2005" 12.796  20.222  -1.722   0.00  59.95 380.0
61   "03/02/2005"  9.521  22.222   7.667   0.16  71.10 380.0
62   "03/03/2005" 14.636  18.278   6.833   0.00  62.75 380.0
63   "03/04/2005"  6.281  14.222   8.611   0.09  85.45 380.0
64   "03/05/2005" 10.653  23.833   8.444   0.00  79.75 380.0
65   "03/06/2005"  5.633  22.111   9.611   0.83  78.35 380.0
66   "03/07/2005" 16.788  14.833   2.167   0.14  71.20 380.0
67   "03/08/2005"  8.597   8.500   1.389   0.01  76.95 380.0
68   "03/09/2005" 11.318   7.778  -2.889   0.00  72.25 380.0
69   "03/10/2005"  6.031   7.222  -0.500   0.02  83.80 380.0
70   "03/11/2005" 17.505  13.500  -1.056   0.00  60.20 380.0
71   "03/12/2005" 18.300   8.500  -0.278   0.00  63.95 380.0
72   "03/13/2005" 18.403   7.556  -1.611   0.00  61.40 380.0
73   "03/14/2005"  7.353  11.389  -2.667   0.00  67.70 380.0
74   "03/15/2005" 18.230  16.444   6.000   0.00  45.75 380.0
75   "03/16/2005"  1.097   9.278   1.278   0.35  71.15 380.0
76   "03/17/2005"  3.888   3.611   0.222   0.01  89.90 380.0
77   "03/18/2005" 10.662   9.611  -0.778   0.06  86.30 380.0
78   "03/19/2005"  8.217   8.556  -1.667   0.01  77.45 380.0
79   "03/20/2005" 18.507  15.778  -3.278   0.01  76.15 380.0
80   "03/21/2005" 14.126  15.389  -0.056   0.00  67.30 380.0
81   "03/22/2005" 20.123   4.000  -3.444   0.00  48.05 380.0
82   "03/23/2005" 20.079  10.167  -6.444   0.00  57.55 380.0
83   "03/24/2005" 17.099  17.500  -3.056   0.00  58.40 380.0
84   "03/25/2005" 16.416  22.167   6.944   0.09  68.85 380.0
85   "03/26/2005" 17.021  24.722   8.889   0.00  68.95 380.0
86   "03/27/2005"  7.646  21.278  12.611   0.14  84.65 380.0
87   "03/28/2005" 15.379  17.944   6.500   0.00  71.15 380.0
88   "03/29/2005" 19.008  11.444   2.611   0.00  79.65 380.0
89   "03/30/2005"  5.858   8.389   2.389   0.00  93.90 380.0
90   "03/31/2005"  5.167  10.000   5.778   0.08  97.70 380.0
91   "04/01/2005"  3.620   8.889   6.556   0.62 100.00 380.0
91   "04/01/2005"  3.620   8.889   6.556   0.62 100.00 380.0
92   "04/02/2005"  4.380   8.333   6.000   0.31 100.00 380.0
93   "04/03/2005"  7.033  12.056   4.389   0.01  84.30 380.0
94   "04/04/2005" 13.668   9.056   2.500   0.08  71.20 380.0
95   "04/05/2005" 22.991   8.167  -0.944   0.00  41.20 380.0
96   "04/06/2005" 21.168  15.556  -0.111   0.00  51.45 380.0
97   "04/07/2005" 20.900  23.611   6.778   0.00  54.80 380.0
98   "04/08/2005"  4.778  13.444   6.000   0.03  67.45 380.0
99   "04/09/2005" 20.771  17.556   4.222   0.01  71.10 380.0
100  "04/10/2005" 17.634  18.667   3.222   0.00  63.75 380.0
101  "04/11/2005"  2.108  11.389   6.000   0.00  78.30 380.0
102  "04/12/2005"  2.091   8.000   6.167   0.80  95.35 380.0
103  "04/13/2005"  2.143  10.722   6.278   0.15 100.00 380.0
104  "04/14/2005"  3.741  10.500   7.667   0.03  79.15 380.0
105  "04/15/2005" 23.907  16.611   6.667   0.00  45.70 380.0
106  "04/16/2005" 24.088  20.222   0.444   0.00  55.65 380.0
107  "04/17/2005" 21.781  27.556   3.722   0.00  64.90 380.0
108  "04/18/2005" 21.479  30.222  10.278   0.00  66.65 380.0
109  "04/19/2005" 20.814  31.722  13.167   0.00  62.55 380.0
110  "04/20/2005" 22.006  26.944  17.444   0.00  60.45 380.0
111  "04/21/2005" 20.788  23.444  12.444   0.00  80.80 380.0
112  "04/22/2005" 18.032  27.444  12.611   0.00  70.75 380.0
113  "04/23/2005" 20.114  29.000  13.833   0.23  73.40 380.0
114  "04/24/2005" 22.671  22.278  11.389   0.00  72.30 380.0
115  "04/25/2005"  8.199  18.389  10.222   0.00  79.55 380.0
116  "04/26/2005"  3.145  19.611  12.444   0.48  94.75 380.0
117  "04/27/2005" 17.245  19.111   6.111   0.05  71.40 380.0
118  "04/28/2005" 25.263  17.222   3.278   0.00  60.60 380.0
119  "04/29/2005" 22.870  24.722   4.389   0.00  70.20 380.0
120  "04/30/2005" 23.103  24.500  10.944   0.00  75.85 380.0
121  "05/01/2005" 20.244  25.667  15.500   0.08  83.95 380.0
122  "05/02/2005" 12.390  27.167  15.056   0.37  85.30 380.0
123  "05/03/2005"  4.648  15.056   8.500   0.32  94.60 380.0
124  "05/04/2005" 26.127  17.389   5.222   0.00  68.35 380.0
125  "05/05/2005" 18.118  22.333   5.333   0.01  77.80 380.0
126  "05/06/2005" 25.920  24.944   6.111   0.00  67.10 380.0
127  "05/07/2005" 18.446  30.389  11.556   0.20  77.25 380.0
128  "05/08/2005" 19.371  18.889  12.889   0.00  75.35 380.0
129  "05/09/2005" 24.218  28.778   9.889   0.00  78.20 380.0
130  "05/10/2005" 23.293  31.500  14.889   0.21  74.90 380.0
131  "05/11/2005" 24.114  31.833  19.222   0.00  74.90 380.0
132  "05/12/2005" 24.736  29.667  17.333   0.00  73.70 380.0
133  "05/13/2005" 24.322  29.056  17.500   0.00  80.15 380.0
134  "05/14/2005" 21.756  29.333  17.611   0.00  80.90 380.0
135  "05/15/2005" 21.410  30.333  18.778   0.19  74.55 380.0
136  "05/16/2005" 18.429  27.500  18.111   0.02  82.65 380.0
137  "05/17/2005" 20.684  28.056  17.667   0.00  83.45 380.0
138  "05/18/2005" 18.014  28.833  17.056   0.42  84.65 380.0
139  "05/19/2005" 10.463  24.111  18.111   0.16  91.85 380.0
140  "05/20/2005"  7.301  22.222  18.111   0.00  93.05 380.0
141  "05/21/2005" 16.390  27.778  19.667   0.10  84.45 380.0
142  "05/22/2005" 24.970  31.722  16.611   0.01  77.35 380.0
143  "05/23/2005" 23.639  32.222  20.333   0.00  77.55 380.0
144  "05/24/2005" 22.645  30.778  19.944   0.00  78.20 380.0
145  "05/25/2005" 22.334  31.167  19.056   0.14  74.40 380.0
146  "05/26/2005" 20.667  28.889  18.722   0.03  78.45 380.0
147  "05/27/2005" 19.233  28.500  18.500   0.18  79.50 380.0
148  "05/28/2005" 19.034  26.333  19.389   0.09  81.80 380.0
149  "05/29/2005" 27.423  22.889  12.667   0.00  65.25 380.0
150  "05/30/2005"  8.087  21.444  12.833   0.00  82.30 380.0
151  "05/31/2005"  5.115  21.611  17.167   0.14 100.00 380.0
152  "06/01/2005" 22.386  27.167  13.389   0.05  72.50 380.0
153  "06/02/2005" 21.989  28.500  12.833   0.00  72.05 380.0
154  "06/03/2005" 25.505  26.333  14.722   0.00  73.90 380.0
155  "06/04/2005"  6.834  20.000  14.222   0.10  79.50 380.0
156  "06/05/2005"  4.415  16.667  13.778   0.61 100.00 380.0
157  "06/06/2005" 14.014  21.833  13.444   0.01  87.65 380.0
158  "06/07/2005" 19.803  27.222  13.889   0.00  83.15 380.0
159  "06/08/2005" 25.272  30.000  15.444   0.00  80.60 380.0
160  "06/09/2005" 24.710  33.667  19.000   0.00  73.30 380.0
161  "06/10/2005" 20.822  31.278  19.833   0.00  76.25 380.0
162  "06/11/2005"  3.378  23.444  14.389   0.60  98.20 380.0
163  "06/12/2005" 27.855  24.889  12.889   0.00  74.60 380.0
164  "06/13/2005" 10.740  21.944  13.500   0.00  74.45 380.0
165  "06/14/2005" 17.401  29.833  19.556   0.00  85.80 380.0
166  "06/15/2005" 18.593  32.000  22.056   0.03  83.75 380.0
167  "06/16/2005" 15.854  30.667  20.722   0.02  86.95 380.0
168  "06/17/2005" 17.721  33.167  21.833   0.39  82.00 380.0
169  "06/18/2005" 19.284  31.944  20.944   0.73  86.05 380.0
170  "06/19/2005" 21.488  28.111  19.500   0.00  78.75 380.0
171  "06/20/2005" 28.305  24.111  13.444   0.00  67.40 380.0
172  "06/21/2005" 23.622  26.611  11.389   0.00  78.25 380.0
173  "06/22/2005" 16.399  30.556  21.444   0.01  82.15 380.0
174  "06/23/2005"  9.314  24.667  18.389   0.01  85.55 380.0
175  "06/24/2005" 23.898  29.889  15.833   0.00  77.70 380.0
176  "06/25/2005" 15.906  30.333  18.778   0.92  78.95 380.0
177  "06/26/2005" 20.183  26.778  14.778   0.01  70.20 380.0
178  "06/27/2005" 23.086  26.667  11.667   0.00  73.30 380.0
179  "06/28/2005" 16.537  27.278  14.944   0.00  75.85 380.0
180  "06/29/2005" 26.464  26.389  14.611   0.00  70.65 380.0
181  "06/30/2005" 20.909  28.944  14.056   0.00  76.10 380.0
182  "07/01/2005" 19.621  30.556  17.500   0.91  78.85 380.0
183  "07/02/2005" 25.350  32.222  18.111   0.00  72.05 380.0
184  "07/03/2005" 23.864  30.333  18.611   0.00  81.15 380.0
185  "07/04/2005"  6.912  25.611  21.167   3.14  99.20 380.0
186  "07/05/2005" 20.745  32.500  22.000   0.26  82.65 380.0
187  "07/06/2005" 25.635  31.111  21.944   0.00  78.15 380.0
188  "07/07/2005" 16.010  31.556  20.000   0.10  86.40 380.0
189  "07/08/2005" 21.462  30.500  18.667   0.00  76.35 380.0
190  "07/09/2005" 23.259  30.278  17.556   0.00  75.15 380.0
191  "07/10/2005" 20.598  29.889  16.611   0.00  78.40 380.0
192  "07/11/2005" 18.973  30.556  19.056   0.00  82.40 380.0
193  "07/12/2005" 11.405  29.389  23.444   0.00  90.00 380.0
194  "07/13/2005" 14.316  29.667  21.444   0.00  87.50 380.0
195  "07/14/2005" 12.761  30.778  21.278   0.23  82.90 380.0
196  "07/15/2005" 21.332  27.444  16.611   0.00  76.30 380.0
197  "07/16/2005" 22.386  28.889  16.167   0.00  76.55 380.0
198  "07/17/2005" 19.777  29.833  15.500   0.11  74.20 380.0
199  "07/18/2005"  8.614  23.556  19.333   0.23  95.30 380.0
200  "07/19/2005" 20.555  29.667  19.111   0.00  79.10 380.0
201  "07/20/2005" 23.976  30.389  17.722   0.00  74.45 380.0
202  "07/21/2005" 22.689  32.778  17.778   0.00  75.55 380.0
203  "07/22/2005" 18.697  31.500  19.333   0.66  81.45 380.0
204  "07/23/2005" 13.539  28.778  21.889   0.72  91.00 380.0
205  "07/24/2005" 15.206  25.556  20.444   0.02  85.10 380.0
206  "07/25/2005"  4.009  22.722  20.000   0.03  96.50 380.0
207  "07/26/2005" 12.468  25.611  19.667   0.25  94.05 380.0
208  "07/27/2005" 15.517  30.667  21.500   3.22  87.55 380.0
209  "07/28/2005" 16.511  30.278  21.111   0.52  80.60 380.0
210  "07/29/2005" 20.719  29.722  17.556   0.00  82.25 380.0
211  "07/30/2005" 18.973  30.833  21.833   0.00  83.95 380.0
212  "07/31/2005" 21.652  31.778  23.333   0.00  83.30 380.0
